Never smokers Current smokers
miRNA Mean SD Mean SD Fold change (log2) P value FDR
mir-218 7.15 1.02 5.30 0.76  1.85 4.59E-04 0.06
mir-128b 6.21 0.57 4.77 0.90  1.44 5.10E-04 0.06
mir-30a-3p 7.44 0.48 6.11 0.93  1.32 1.22E-03 0.09
miR-106b 9.80 0.68 8.00 1.32  1.81 2.28E-03 0.13
miR-125b 11.93 1.22 10.22 1.03  1.70 4.60E-03 0.21
miR-18a* 4.60 0.73 5.57 0.66 0.98 6.64E-03 0.21
miR-500 5.07 1.13 3.60 0.89  1.47 6.87E-03 0.21
miR-106a 10.16 0.81 9.00 0.91  1.17 7.40E-03 0.21
miR-189 5.27 0.49 5.82 0.24 0.55 9.59E-03 0.25
miR-652 7.34 0.46 5.98 1.30  1.37 1.24E-02 0.29
miR-362 5.28 0.62 4.49 0.72  0.80 1.66E-02 0.29
miR-181d 7.02 0.77 7.94 0.72 0.92 1.66E-02 0.29
miR-337 5.65 0.61 6.42 0.71 0.77 1.74E-02 0.29
miR-130a 7.87 0.83 6.87 0.84  1.00 1.76E-02 0.29
miR-223 9.02 1.31 7.47 1.29  1.55 1.88E-02 0.29
miR-146 10.27 1.20 8.55 1.56  1.72 2.22E-02 0.31
miR-128a 6.55 0.47 5.74 0.92  0.81 2.27E-02 0.31
miR-99a 11.38 0.71 10.72 0.40  0.66 3.03E-02 0.36
miR-19b 10.23 0.80 9.38 0.80  0.85 3.10E-02 0.36
miR-17–3p 5.74 0.59 5.08 0.59  0.67 3.24E-02 0.36
miR-338 4.51 0.43 4.06 0.45  0.45 3.52E-02 0.36
miR-150 9.60 1.05 8.60 0.91  1.00 3.82E-02 0.36
miR-15a 11.18 0.67 10.34 0.94  0.84 3.88E-02 0.36
miR-199b 5.76 1.09 4.81 0.74  0.96 4.30E-02 0.36
miR-10b 5.83 0.67 5.14 0.74  0.69 4.52E-02 0.36
miR-365 4.24 1.00 5.21 0.95 0.97 4.56E-02 0.36
miR-625 5.21 0.68 4.41 0.99  0.80 4.59E-02 0.36
miR-363 5.89 0.62 5.21 0.69  0.68 4.76E-02 0.36