Rank	Gene	Mean_Tumor_TPM/Mean_Normal_TPM	P-value
1	FAM83A	128.9848142	1.62E-12
2	SPINK1	116.9389911	5.87E-12
3	LOC84740	92.89498121	1.62E-12
4	XAGE1D	81.33389575	0
5	CST1	78.88950579	1.06E-06
6	CRABP2	61.56846074	1.62E-12
7	MMP11	43.22702572	0
8	GREM1	38.12851093	0
9	SPP1	33.66779305	0
10	TMPRSS4	31.72181231	0
11	CEACAM5	31.48037575	1.62E-12
12	S100P	31.39064208	1.64E-12
13	GJB2	30.277341	0
14	MMP1	29.96458734	1.72E-12
15	COL10A1	27.67692029	0
16	UBE2C	24.90044722	0
17	TROAP	23.9476778	0
18	TUBB3	23.03818896	1.62E-12
19	MMP12	22.21410869	1.62E-12
20	B3GNT3	21.44976467	0
21	DNAJC12	21.31035727	1.62E-12
22	TFPI2	20.85035295	5.99E-05
23	BIRC5	20.46043996	1.62E-12
24	TOP2A	20.40576914	1.62E-12
25	ANLN	20.28478044	1.62E-12
26	MYBL2	20.26937816	1.62E-12
27	CDC20	20.15402068	1.62E-12
28	CXCL14	20.14981672	3.67E-12
29	KIF2C	20.1152714	0
30	TPX2	17.98978713	1.62E-12
31	NEK2	17.79622359	1.62E-12
32	CTHRC1	17.12895335	1.62E-12
33	AURKB	16.15017449	0
34	ETV4	16.13220245	1.62E-12
35	S100A2	15.66757109	4.16E-07
36	CDC6	15.47185679	1.62E-12
37	CDCA3	15.34959222	1.62E-12
38	PYCR1	15.16226907	0
39	FOXM1	15.00286764	1.62E-12
40	PSAT1	14.84925732	1.62E-12
41	CDKN2A	14.46770142	1.62E-12
42	UCHL1	14.42933526	3.33E-16
43	EPR1	13.93302447	0
44	PLK1	13.91871406	0
45	HS6ST2	13.70223123	1.62E-12
46	SLC2A1	13.64081258	1.62E-12
47	CP	13.3792234	0
48	UBE2T	13.2169175	1.62E-12
49	RHOV	12.85250114	2.20E-12
50	CEP55	12.68190229	0
51	SPAG5	12.5922881	1.62E-12
52	HMGB3	12.38378497	1.62E-12
53	RRM2	12.34704327	1.62E-12
54	CCNB2	12.28330297	0
55	SYT7	12.27784045	1.62E-12
56	ALG1L	12.11475293	0
57	STX1A	12.01642006	1.62E-12
58	TESC	11.63521139	1.67E-12
59	CBLC	11.52955765	0
60	CDCA8	11.32557363	0
61	KCNN4	11.16704256	0
62	CDKN3	10.76006586	1.62E-12
63	CDCA5	10.70389195	0
64	GPT2	10.70208617	0
65	PODXL2	10.68504694	0
66	C15orf48	10.67862537	1.62E-12
67	SPAG4	10.29385452	1.62E-12
68	GINS2	10.26121653	1.62E-12
69	EGLN3	9.930937916	1.11E-16
70	SPDEF	9.745844257	1.62E-12
71	KIAA0101	9.678194514	1.62E-12
72	CCNA2	9.653559155	0
73	CCNB1	9.643990974	1.62E-12
74	HES6	9.482746482	3.09E-09
75	MDK	9.474858083	0
76	P2RY6	9.47166104	0
77	COL1A1	9.2826737	1.62E-12
78	TFF3	9.193732825	1.71E-10
79	THBS2	9.188263806	1.11E-16
80	COMP	9.18746896	1.11E-16
81	STEAP1	8.872124455	1.62E-12
82	KIFC1	8.812658734	1.62E-12
83	CDH3	8.765319823	0
84	PTGES	8.584083324	1.62E-12
85	NQO1	8.565994811	0
86	TRIP13	8.15731708	0
87	ZWINT	8.155683031	0
88	EZH2	8.061562352	0
89	MAD2L1	7.9677057	1.62E-12
90	KIF11	7.945266028	0
91	TK1	7.935441952	0
92	CDCA7	7.920760965	0
93	PLEK2	7.903383379	1.62E-12
94	PLAU	7.83560517	0
95	SLC7A5	7.815478141	1.62E-12
96	KRT17	7.730877568	2.52E-07
97	KRT15	7.723194371	8.29E-05
98	QPCT	7.555632859	1.62E-12
99	NUSAP1	7.407651424	1.62E-12
100	AURKA	7.404010061	0
101	PRC1	7.279698724	0
102	FBXO32	7.235535423	0
103	SULF1	7.184627254	0
104	CDK1	7.092336997	0
105	COL3A1	6.920338425	0
106	SPTBN2	6.915190543	1.62E-12
107	LGR4	6.69609163	1.62E-12
108	MLF1IP	6.665707422	0
109	PTTG1	6.628244612	0
110	GYLTL1B	6.594897362	1.62E-12
111	GPR110	6.578951217	0
112	GOLM1	6.532794853	1.62E-12
113	ASF1B	6.527272845	1.62E-12
114	MUC4	6.483175337	0
115	KRT80	6.429521682	1.62E-12
116	PROM2	6.382563933	1.62E-12
117	C8orf73	6.350993862	1.62E-12
118	RAC3	6.338415835	1.62E-12
119	RPL39L	6.309639656	1.62E-12
120	FHL2	6.23920508	1.62E-12
121	SRPX2	6.21477653	1.62E-12
122	METTL7B	6.170804924	1.62E-12
123	PHLDA2	6.125463755	0
124	C16orf75	5.999509698	0
125	ABCC3	5.973517688	0
126	FAP	5.947131698	1.62E-12
127	PLA2G4A	5.92223642	1.62E-12
128	HMGA1	5.905889719	1.62E-12
129	C1QTNF6	5.8507978	0
130	LCN2	5.750490155	5.31E-14
131	HIST1H2BD	5.695485866	1.62E-12
132	TYMS	5.683864688	0
133	MCM4	5.679248425	0
134	PPAP2C	5.574484675	0
135	COL5A2	5.528196196	1.62E-12
136	SIX1	5.505897833	1.62E-12
137	PVRL4	5.401186935	0
138	LOC96610	5.368895193	0
139	MUC20	5.344451458	0
140	ECT2	5.329513943	0
141	GCLC	5.321658927	3.33E-16
142	DSP	5.308249602	0
143	NME1	5.231419285	0
144	PAFAH1B3	5.19998827	1.62E-12
145	ERO1L	5.156065169	1.62E-12
146	FANCI	5.109491056	0
147	EPHX3	5.097835243	0
148	DUSP4	5.090936209	1.62E-12
149	IGFBP3	5.086834805	0
150	SC65	5.056402885	1.62E-12
151	OCIAD2	5.052741955	0
152	KDELR3	5.051431358	0
153	PFKP	5.042448239	1.62E-12
154	MCM2	5.037279617	0
155	PABPC1L	5.011844793	0
156	FUT3	5.007882126	1.62E-12
157	AGR2	5.005758914	0
158	DERL3	4.970838169	1.62E-12
159	REEP6	4.9502725	0
160	BIK	4.94776461	0
161	SLC25A10	4.934047359	1.62E-12
162	RCC1	4.920071481	0
163	PPP1R14B	4.904749603	0
164	ECE2	4.881009731	0
165	EFNA4	4.87153219	1.62E-12
166	MGC29506	4.866227402	1.62E-12
167	PLOD2	4.859464589	1.62E-12
168	COL5A1	4.80603189	0
169	KPNA2	4.802106221	1.62E-12
170	ADAM8	4.776716025	0
171	RAMP1	4.75471099	0
172	MMP9	4.751308186	1.62E-12
173	CEACAM1	4.747868476	0
174	C4orf48	4.738539698	1.62E-12
175	IL4I1	4.73634243	1.62E-12
176	TMEM132A	4.706383828	1.11E-16
177	MMP7	4.702130981	7.60E-11
178	C1orf106	4.643231738	0
179	SAA1	4.598702561	3.69E-07
180	SRD5A1	4.550258042	0
181	CLDN3	4.531291437	1.62E-12
182	LMNB1	4.513992384	0
183	VSTM2L	4.508340528	0
184	ADAM6	4.474076189	0
185	HIST2H2AA3	4.434336827	0
186	NCAPG2	4.397409913	0
187	ATAD2	4.364051509	1.62E-12
188	SERINC2	4.350121539	1.62E-12
189	NT5E	4.340661305	1.62E-12
190	DBNDD1	4.327970519	1.62E-12
191	TNFRSF21	4.322743802	1.62E-12
192	FKBP11	4.317105387	0
193	UBD	4.252127469	1.77E-12
194	UBE2S	4.242060676	1.62E-12
195	SLC6A8	4.23816203	0
196	RFC4	4.223350895	0
197	PAICS	4.217248222	0
198	MANEAL	4.187079709	1.11E-16
199	TMEM45B	4.181626375	0
200	SLC35F2	4.179803844	1.62E-12
201	FKBP10	4.173974537	1.62E-12
202	UCK2	4.104859044	1.62E-12
203	GALNT6	4.086027427	1.62E-12
204	MARCKSL1	4.071233152	0
205	LAD1	4.069732881	1.62E-12
206	ABCB6	4.053665627	1.62E-12
207	XPR1	4.047412394	0
208	LOXL2	4.039659261	0
209	TPBG	4.025267311	1.62E-12
210	TIMELESS	4.014189767	0
211	RCN3	3.975005819	1.62E-12
212	CFB	3.968600636	1.62E-12
213	PDK1	3.947719842	1.62E-12
214	GSDMB	3.941076288	1.62E-12
215	ATHL1	3.878757989	1.63E-12
216	CKS1B	3.864494675	1.62E-12
217	DONSON	3.86048519	1.62E-12
218	PMAIP1	3.852945395	1.62E-12
219	ASNS	3.84773011	1.62E-12
220	GAPDH	3.834828904	0
221	BASP1	3.809787788	0
222	HIST1H2BC	3.797122559	1.62E-12
223	HIST2H4A	3.779251366	0
224	TACC3	3.759442392	1.62E-12
225	PDIA4	3.741921606	1.62E-12
226	LOC645166	3.726171607	1.62E-12
227	RAG1AP1	3.719613129	0
228	UGDH	3.719424525	0
229	POSTN	3.714526357	0
230	MXRA5	3.709607202	1.62E-12
231	TLCD1	3.702662984	1.62E-12
232	VCAN	3.695274621	1.62E-12
233	KIFC2	3.689883249	0
234	FEN1	3.683794786	0
235	MYO19	3.669479664	0
236	ST6GALNAC1	3.64752342	0
237	TNC	3.643413409	0
238	SEZ6L2	3.630806468	0
239	PC	3.618000565	0
240	NPM3	3.614998961	0
241	MFAP2	3.613311472	1.62E-12
242	PVRL1	3.603169352	1.62E-12
243	HN1	3.585655444	0
244	ARHGEF16	3.569558235	1.62E-12
245	EIF4EBP1	3.548045808	0
246	GGCT	3.531603877	1.62E-12
247	PLAT	3.508616778	3.54E-09
248	COL1A2	3.501775962	1.62E-12
249	CENPW	3.486892769	0
250	SMPDL3B	3.471471681	1.62E-12